(1, 0.800603200958415)
(2, 0.7764930398288032)
(3, 0.7623646915472173)
(4, 0.7482616636878268)
(5, 0.729263536335042)
(6, 0.7058794327113944)
(7, 0.6788080699088984)
(8, 0.6521171417188052)
(9, 0.6263779976109255)
(10, 0.6028062927802714)
(11, 0.5830698149193395)
(12, 0.5662905968775228)
(13, 0.5527026254732338)
(14, 0.5419123195885728)
(15, 0.5331508236224796)
(16, 0.526197838450186)
(17, 0.5205165634613321)
(18, 0.5158116046209121)
(19, 0.5119588874161182)
(20, 0.5084592693769949)
(21, 0.5054612900752825)
(22, 0.5027584837640376)
(23, 0.5003812261752438)
(24, 0.4981754801371318)
(25, 0.49624197039788226)
(26, 0.4944250814425149)
(27, 0.4927689692537924)
(28, 0.49117933745105075)
(29, 0.4896809727462448)
(30, 0.4882448635449916)
(31, 0.4869335479228433)
(32, 0.4856989604999401)
(33, 0.4845306424416379)
(34, 0.4834445096308505)
(35, 0.48239382719598717)
(36, 0.48139202103435935)
(37, 0.48037549577190014)
(38, 0.47937403654610156)
(39, 0.4784280419959961)
(40, 0.4774789647548278)
(41, 0.47659138042307986)
(42, 0.47576257695351903)
(43, 0.47497620033368576)
(44, 0.47424569308470754)
(45, 0.4735462069361773)
(46, 0.47286950376637227)
(47, 0.47221553551658246)
(48, 0.47158249205839525)
(49, 0.4709832331192703)
(50, 0.4704013710910119)
(51, 0.46984938212198707)
(52, 0.46930196667440993)
(53, 0.46877793370893084)
(54, 0.46829435738514524)
(55, 0.46781632916687155)
(56, 0.4673494112777571)
(57, 0.4668996232691381)
(58, 0.4664450126260321)
(59, 0.46600946164044954)
(60, 0.4655812995285228)
(61, 0.46517062401109943)
(62, 0.46476800806347934)
(63, 0.4643708704321631)
(64, 0.46401256804488417)
(65, 0.4636351055846844)
(66, 0.46328379457513924)
(67, 0.46295623016368104)
(68, 0.46263098565794225)
(69, 0.46232642121560835)
(70, 0.4620071151882016)
(71, 0.4617132165163646)
(72, 0.4614168292415058)
(73, 0.4611177576352654)
(74, 0.46083661926270575)
(75, 0.4605663222137319)
(76, 0.4603130508946004)
(77, 0.4600577374311169)
(78, 0.45981661042767313)
(79, 0.45957148657801417)
(80, 0.4593311845782277)
(81, 0.4590796844255386)
(82, 0.45883805084974566)
(83, 0.45861305916081696)
(84, 0.4583920046563577)
(85, 0.4581376388691375)
(86, 0.4579096320257455)
(87, 0.457682746943944)
(88, 0.4574602654468215)
(89, 0.45723445087545744)
(90, 0.4570179063264068)
(91, 0.45680291209842394)
(92, 0.4565944486361018)
(93, 0.4563716018393288)
(94, 0.4561602793648894)
(95, 0.4559734608056017)
(96, 0.4557856088600206)
(97, 0.45559402147896844)
(98, 0.4554183923947118)
(99, 0.45523769349590104)
(100, 0.45505969129636126)
(101, 0.4548857680956916)
(102, 0.45470711841860173)
(103, 0.4545301858234277)
(104, 0.4543562420733915)
(105, 0.45417968089578925)
(106, 0.4540192766748966)
(107, 0.4538303064889401)
(108, 0.45366082951960307)
(109, 0.45351369299478794)
(110, 0.45336293910823616)
(111, 0.45321475561653896)
(112, 0.4530668023017642)
(113, 0.45292281374816906)
(114, 0.45277844759757635)
(115, 0.45264280357767406)
(116, 0.4524992114293031)
(117, 0.45236919212213184)
(118, 0.45224314398927323)
(119, 0.4521181493904242)
(120, 0.45200254687281766)
(121, 0.45188625328833887)
(122, 0.451751390823995)
(123, 0.45164262658914855)
(124, 0.4515353053020214)
(125, 0.4514199473574861)
(126, 0.4513036290357072)
(127, 0.4511883302534064)
(128, 0.4510620973206265)
(129, 0.4509388633956869)
(130, 0.45081112604034734)
(131, 0.4506989103448758)
(132, 0.45057759147934834)
(133, 0.45045800198952846)
(134, 0.45034496917456224)
(135, 0.45021153266919034)
(136, 0.4500975875261634)
(137, 0.4499811535848557)
(138, 0.44986295308097046)
(139, 0.44973848063504834)
(140, 0.4496090865322321)
(141, 0.4494978573053646)
(142, 0.44938092559899107)
(143, 0.44926406510572753)
(144, 0.44915513337169016)
(145, 0.44904696749396883)
(146, 0.4489420524422066)
(147, 0.44884052802867186)
(148, 0.44874345516917086)
(149, 0.4486357170146074)
(150, 0.4485245347468269)
(1, 0.800603200958415)
(2, 0.7885123128375545)
(3, 0.775765133638631)
(4, 0.7644400823234633)
(5, 0.7477101457231046)
(6, 0.7279987674563541)
(7, 0.6981978865531032)
(8, 0.6758777954633687)
(9, 0.6452638475534827)
(10, 0.6211194243110152)
(11, 0.6024155989005648)
(12, 0.5849539491948343)
(13, 0.5741825822861898)
(14, 0.5590078944192519)
(15, 0.551882426152725)
(16, 0.5412958962164109)
(17, 0.5324001058402384)
(18, 0.5261563734285288)
(19, 0.519764559357193)
(20, 0.5140843366403723)
(21, 0.5105267223781416)
(22, 0.5068155013355706)
(23, 0.5038160044693278)
(24, 0.5012768796509655)
(25, 0.4994589168027631)
(26, 0.49642802313092654)
(27, 0.49404945125368416)
(28, 0.4904554979033026)
(29, 0.4879775592733703)
(30, 0.48624379781075155)
(31, 0.48414627011805217)
(32, 0.48246442504104775)
(33, 0.4808895755208817)
(34, 0.479577164772848)
(35, 0.47839952157844506)
(36, 0.47721503847364694)
(37, 0.47609883742004844)
(38, 0.47475381010260476)
(39, 0.4738643713696967)
(40, 0.4731871775411616)
(41, 0.471861558453173)
(42, 0.4709207583405175)
(43, 0.46983140734523604)
(44, 0.46915686207498586)
(45, 0.46820338739210576)
(46, 0.4676090296369284)
(47, 0.46698464904540593)
(48, 0.4664545105740566)
(49, 0.46571387416122406)
(50, 0.46494393198342776)
(51, 0.46442149944725797)
(52, 0.46377101829356865)
(53, 0.46318762306910033)
(54, 0.462678824014477)
(55, 0.4622183526794186)
(56, 0.46179286767416594)
(57, 0.4613269700288477)
(58, 0.46077466314733934)
(59, 0.46037213922000336)
(60, 0.4599483560888168)
(61, 0.4593376176025446)
(62, 0.4589249792994104)
(63, 0.45865631096207826)
(64, 0.4582116314513125)
(65, 0.45782803643090375)
(66, 0.4573691001384187)
(67, 0.45706714591222647)
(68, 0.45681155926324524)
(69, 0.4565359997216044)
(70, 0.45625021235568963)
(71, 0.4559108311295142)
(72, 0.45535681867690503)
(73, 0.45505821803271485)
(74, 0.45477750027900826)
(75, 0.4544293132298307)
(76, 0.4541861106053914)
(77, 0.4538294310316453)
(78, 0.4535296807140237)
(79, 0.45325103581587617)
(80, 0.45291182985178446)
(81, 0.45249793193603305)
(82, 0.45223723613008027)
(83, 0.45193105552694135)
(84, 0.45144100642064766)
(85, 0.45117398571945644)
(86, 0.45085652959737355)
(87, 0.45058035076022096)
(88, 0.45035424405185387)
(89, 0.450150099066642)
(90, 0.4499681929388422)
(91, 0.44971004909269335)
(92, 0.44949165154235776)
(93, 0.44926492277987046)
(94, 0.44893628617836717)
(95, 0.448735470122169)
(96, 0.44852734564306385)
(97, 0.448264988774637)
(98, 0.44789930297485514)
(99, 0.4476562422021836)
(100, 0.4474769434175033)
(101, 0.4472242697860245)
(102, 0.4470017682818349)
(103, 0.4466947773777922)
(104, 0.4464698092525091)
(105, 0.4461963464067352)
(106, 0.44599166265483275)
(107, 0.44574475192576085)
(108, 0.4454089062618021)
(109, 0.4452407577915391)
(110, 0.44502286005709496)
(111, 0.4448161241227565)
(112, 0.44451221285842124)
(113, 0.4442880158709725)
(114, 0.4439908587906822)
(115, 0.44375348723477126)
(116, 0.44339984765179824)
(117, 0.4430935468425054)
(118, 0.44284058456345077)
(119, 0.4425039996033643)
(120, 0.4423133794854765)
(121, 0.44201639297823914)
(122, 0.4418538202760661)
(123, 0.4415645522030345)
(124, 0.44134411228240467)
(125, 0.4409599889759789)
(126, 0.4407824246572044)
(127, 0.44051277648451254)
(128, 0.4401406287707779)
(129, 0.43983978901449944)
(130, 0.43956863067846685)
(131, 0.43917147315347893)
(132, 0.43902068389096505)
(133, 0.43856877499336944)
(134, 0.43826626328699614)
(135, 0.4379841196973587)
(136, 0.4375074974052306)
(137, 0.43736538343027576)
(138, 0.43715424094265953)
(139, 0.4369521773565812)
(140, 0.43653994014523667)
(141, 0.43592803456592905)
(142, 0.4356225602670323)
(143, 0.43537788872746724)
(144, 0.43526985070328594)
(145, 0.4349014466494984)
(146, 0.4347112876921015)
(147, 0.4344531760186821)
(148, 0.43411869283282484)
(149, 0.43392949718882096)
(150, 0.43373372419573447)
